2.00000000E-01,0.00000000E+00,1.41279397E-01
2.00000000E-01,0.00000000E+00,0.00000000E+00
2.00000000E-01,0.00000000E+00,4.42010181E-02
2.00000000E-01,0.00000000E+00,3.51824550E-02
2.00000000E-01,0.00000000E+00,1.13752353E-01
2.00000000E-01,0.00000000E+00,0.00000000E+00
2.00000000E-01,0.00000000E+00,1.03528846E-01
2.00000000E-01,0.00000000E+00,0.00000000E+00
2.00000000E-01,0.00000000E+00,6.42999665E-03
2.00000000E-01,0.00000000E+00,9.16438954E-02
2.00000000E-01,0.00000000E+00,3.66916144E-02
4.00000000E-01,0.00000000E+00,1.18806291E-01
4.00000000E-01,2.79594056E-01,5.09491753E-03
4.00000000E-01,4.37905099E-01,2.25812660E-02
4.00000000E-01,1.49275468E-01,1.63880332E-02
4.00000000E-01,2.14524440E-01,1.84379363E-02
4.00000000E-01,4.68547831E-02,4.61954137E-03
4.00000000E-01,5.03967021E-01,6.66580032E-04
4.00000000E-01,4.78769661E-01,4.47667990E-03
4.00000000E-01,9.34463850E-02,0.00000000E+00
4.00000000E-01,2.99239923E-01,4.17818029E-02
4.00000000E-01,1.16514205E-01,2.12207679E-02
6.00000000E-01,1.17890410E-02,7.64575351E-02
6.00000000E-01,4.35033520E-01,1.77555188E-02
6.00000000E-01,5.14502961E-01,1.00088190E-02
6.00000000E-01,3.19795662E-01,3.91137946E-03
6.00000000E-01,3.14503038E-01,7.26861390E-03
6.00000000E-01,1.07732136E-01,6.51679254E-03
6.00000000E-01,8.43520820E-01,3.14679913E-04
6.00000000E-01,6.12962045E-01,1.18961972E-02
6.00000000E-01,2.32707840E-01,2.53073171E-03
6.00000000E-01,2.97369871E-01,1.73830973E-02
6.00000000E-01,1.82120564E-01,1.75290353E-02
8.00000000E-01,3.31036188E-02,5.42400604E-02
8.00000000E-01,5.17515597E-01,2.34339324E-02
8.00000000E-01,8.36899029E-01,3.59872702E-03
8.00000000E-01,6.10781079E-01,5.87944444E-03
8.00000000E-01,3.14503038E-01,7.79881150E-04
8.00000000E-01,1.81975008E-01,1.65605987E-02
8.00000000E-01,8.82416797E-01,0.00000000E+00
8.00000000E-01,6.46657592E-01,1.03712724E-02
8.00000000E-01,2.30993481E-01,5.30405506E-03
8.00000000E-01,4.60086789E-01,1.12465923E-02
8.00000000E-01,3.00739242E-01,1.31333867E-02
1.00000000E+00,4.15399948E-02,4.41215306E-02
1.00000000E+00,5.34507651E-01,3.36664623E-02
1.00000000E+00,9.98090384E-01,0.00000000E+00
1.00000000E+00,9.77362655E-01,2.02954207E-03
1.00000000E+00,3.72425684E-01,8.68464532E-06
1.00000000E+00,2.36804704E-01,1.26069575E-02
1.00000000E+00,9.79368657E-01,4.46473275E-03
1.00000000E+00,6.46657592E-01,1.89176033E-02
1.00000000E+00,2.92056467E-01,1.16918619E-02
1.00000000E+00,5.56255487E-01,4.14106472E-03
1.00000000E+00,4.15517800E-01,5.58924499E-03
1.20000000E+00,2.57389321E-01,2.52889788E-02
1.20000000E+00,5.99652993E-01,4.26774454E-02
1.20000000E+00,1.07699722E+00,2.74595585E-03
1.20000000E+00,1.03742322E+00,0.00000000E+00
1.20000000E+00,3.74552845E-01,0.00000000E+00
1.20000000E+00,2.36804704E-01,1.12649994E-02
1.20000000E+00,9.85073922E-01,6.57021206E-03
1.20000000E+00,6.46657592E-01,2.59619407E-02
1.20000000E+00,2.92056467E-01,9.00555508E-03
1.20000000E+00,7.29660491E-01,2.30154810E-03
1.20000000E+00,4.15517800E-01,1.83193011E-03
1.40000000E+00,3.29259221E-01,1.81312772E-02
1.40000000E+00,9.20402025E-01,4.27169777E-02
1.40000000E+00,1.26937429E+00,4.39058595E-03
1.40000000E+00,1.11835995E+00,1.39640798E-03
1.40000000E+00,4.05389965E-01,2.35701274E-03
1.40000000E+00,3.34757468E-01,1.73517784E-02
1.40000000E+00,9.79557238E-01,1.21058716E-02
1.40000000E+00,6.46657592E-01,2.94124494E-02
1.40000000E+00,2.92056467E-01,1.17927220E-02
1.40000000E+00,7.29660491E-01,3.34805417E-04
1.40000000E+00,5.99706474E-01,2.69378982E-03
1.60000000E+00,3.39370616E-01,1.47453748E-02
1.60000000E+00,9.20402025E-01,4.90445111E-02
1.60000000E+00,1.38383419E+00,6.69789202E-03
1.60000000E+00,1.11835995E+00,5.06108071E-03
1.60000000E+00,4.40912644E-01,4.34666498E-04
1.60000000E+00,3.36671437E-01,2.26315767E-02
1.60000000E+00,9.86164187E-01,1.17074462E-02
1.60000000E+00,8.24512009E-01,3.91996131E-02
1.60000000E+00,2.92056467E-01,2.09643996E-02
1.60000000E+00,7.29660491E-01,0.00000000E+00
1.60000000E+00,5.99706474E-01,1.49199558E-04
1.80000000E+00,5.90202426E-01,2.01440135E-02
1.80000000E+00,1.08086518E+00,5.79289909E-02
1.80000000E+00,1.66136481E+00,9.59510642E-03
1.80000000E+00,1.14094011E+00,6.95649096E-03
1.80000000E+00,6.83334953E-01,3.00532151E-03
1.80000000E+00,3.36671437E-01,1.95334479E-02
1.80000000E+00,9.86164187E-01,1.59911535E-02
1.80000000E+00,8.24512009E-01,4.57260875E-02
1.80000000E+00,3.34651044E-01,1.79142053E-02
1.80000000E+00,1.07375525E+00,2.15136395E-03
1.80000000E+00,5.99706474E-01,3.38786835E-03
2.00000000E+00,5.87769730E-01,1.15005108E-02
2.00000000E+00,1.14902253E+00,5.64915980E-02
2.00000000E+00,1.94554705E+00,1.55072716E-02
2.00000000E+00,1.20991746E+00,7.38443531E-03
2.00000000E+00,7.81096246E-01,7.31290559E-03
2.00000000E+00,3.36671437E-01,1.79398021E-02
2.00000000E+00,9.86164187E-01,2.59864703E-02
2.00000000E+00,1.06864049E+00,5.27341171E-02
2.00000000E+00,3.34651044E-01,2.57648133E-02
2.00000000E+00,1.07375525E+00,3.42171137E-03
2.00000000E+00,5.99706474E-01,0.00000000E+00
2.20000000E+00,6.69288174E-01,3.03232682E-03
2.20000000E+00,1.24870192E+00,6.78009866E-02
2.20000000E+00,1.98671050E+00,1.59042231E-02
2.20000000E+00,1.35406585E+00,8.79601296E-03
2.20000000E+00,7.94029239E-01,9.42327441E-03
2.20000000E+00,3.36671437E-01,3.43412620E-02
2.20000000E+00,1.20136088E+00,2.75057314E-02
2.20000000E+00,1.06864049E+00,5.85834842E-02
2.20000000E+00,3.34651044E-01,2.76844514E-02
2.20000000E+00,1.07375525E+00,1.13355548E-02
2.20000000E+00,6.33991287E-01,2.07130522E-03
2.40000000E+00,1.03021472E+00,0.00000000E+00
2.40000000E+00,1.67280914E+00,8.05667437E-02
2.40000000E+00,1.98671050E+00,1.71310526E-02
2.40000000E+00,1.36701891E+00,1.18626814E-02
2.40000000E+00,8.35870215E-01,8.41107899E-03
2.40000000E+00,4.73811614E-01,3.56335597E-02
2.40000000E+00,1.20136088E+00,2.71529853E-02
2.40000000E+00,1.06864049E+00,6.52844905E-02
2.40000000E+00,3.34651044E-01,3.56227352E-02
2.40000000E+00,1.34833483E+00,9.48073283E-03
2.40000000E+00,6.33991287E-01,5.24985698E-03
2.60000000E+00,1.03405123E+00,8.03331543E-03
2.60000000E+00,1.86441864E+00,8.35466854E-02
2.60000000E+00,2.06243043E+00,2.42716824E-02
2.60000000E+00,1.75080095E+00,1.78770560E-02
2.60000000E+00,8.35870215E-01,1.38411535E-02
2.60000000E+00,4.73811614E-01,3.13864710E-02
2.60000000E+00,1.20136088E+00,3.49759956E-02
2.60000000E+00,1.06864049E+00,7.30963861E-02
2.60000000E+00,3.34651044E-01,3.72997817E-02
2.60000000E+00,1.34833483E+00,1.74797125E-02
2.60000000E+00,6.33991287E-01,8.54208459E-03
2.80000000E+00,1.11895245E+00,6.77964026E-03
2.80000000E+00,1.87307800E+00,8.90060903E-02
2.80000000E+00,2.06243043E+00,2.51040132E-02
2.80000000E+00,1.75080095E+00,1.67002090E-02
2.80000000E+00,8.41623956E-01,2.09382456E-02
2.80000000E+00,4.73811614E-01,3.82689443E-02
2.80000000E+00,1.20136088E+00,4.66090015E-02
2.80000000E+00,1.06864049E+00,7.13013827E-02
2.80000000E+00,3.34651044E-01,3.81699473E-02
2.80000000E+00,1.34833483E+00,1.59912633E-02
2.80000000E+00,6.33991287E-01,1.02401177E-02
3.00000000E+00,1.12806779E+00,5.76592635E-03
3.00000000E+00,1.97327510E+00,9.19227804E-02
3.00000000E+00,2.12885786E+00,3.25083236E-02
3.00000000E+00,1.93179423E+00,2.11576966E-02
3.00000000E+00,1.10950728E+00,2.05535159E-02
3.00000000E+00,4.73811614E-01,4.45487215E-02
3.00000000E+00,1.37734962E+00,4.84987728E-02
3.00000000E+00,1.06864049E+00,7.96668120E-02
3.00000000E+00,3.34651044E-01,4.75248871E-02
3.00000000E+00,1.77185964E+00,2.85168123E-02
3.00000000E+00,7.89391182E-01,1.40805034E-02
3.20000000E+00,1.22256732E+00,1.05465424E-02
3.20000000E+00,2.14104677E+00,9.28517885E-02
3.20000000E+00,2.12885786E+00,3.59512952E-02
3.20000000E+00,1.93179423E+00,2.56950245E-02
3.20000000E+00,1.11708881E+00,2.77022816E-02
3.20000000E+00,4.73811614E-01,5.82064470E-02
3.20000000E+00,1.37734962E+00,5.72277567E-02
3.20000000E+00,1.29201739E+00,8.95183105E-02
3.20000000E+00,5.32118612E-01,4.82117905E-02
3.20000000E+00,1.77185964E+00,3.37005567E-02
3.20000000E+00,7.89391182E-01,1.70628550E-02
3.40000000E+00,1.23323391E+00,1.66562500E-02
3.40000000E+00,2.14104677E+00,1.05398537E-01
3.40000000E+00,2.25120207E+00,4.32640327E-02
3.40000000E+00,1.94212861E+00,2.48016108E-02
3.40000000E+00,1.11708881E+00,2.89767533E-02
3.40000000E+00,4.73811614E-01,5.14650542E-02
3.40000000E+00,1.37734962E+00,5.76947011E-02
3.40000000E+00,1.29201739E+00,9.32567331E-02
3.40000000E+00,5.32118612E-01,5.32462261E-02
3.40000000E+00,1.77185964E+00,3.87274209E-02
3.40000000E+00,7.89391182E-01,1.80362045E-02
3.60000000E+00,1.34562940E+00,1.88443049E-02
3.60000000E+00,2.21420722E+00,1.05248314E-01
3.60000000E+00,2.25120207E+00,4.40554829E-02
3.60000000E+00,1.95634063E+00,3.04008156E-02
3.60000000E+00,1.11708881E+00,3.09451282E-02
3.60000000E+00,5.12510910E-01,6.30325302E-02
3.60000000E+00,1.37734962E+00,6.17660840E-02
3.60000000E+00,1.29201739E+00,9.21331043E-02
3.60000000E+00,5.32118612E-01,5.76425402E-02
3.60000000E+00,1.77185964E+00,5.46096333E-02
3.60000000E+00,7.89391182E-01,2.55989279E-02
3.80000000E+00,1.34562940E+00,2.75132728E-02
3.80000000E+00,2.21499194E+00,1.09947909E-01
3.80000000E+00,2.25120207E+00,5.22639163E-02
3.80000000E+00,1.95634063E+00,3.38259672E-02
3.80000000E+00,1.12172463E+00,2.87592030E-02
3.80000000E+00,5.12510910E-01,6.49376819E-02
3.80000000E+00,1.37734962E+00,5.77454559E-02
3.80000000E+00,1.29201739E+00,1.03059184E-01
3.80000000E+00,5.32118612E-01,5.99933058E-02
3.80000000E+00,1.89741304E+00,6.04352476E-02
3.80000000E+00,7.89391182E-01,2.82178446E-02
4.00000000E+00,1.34562940E+00,2.71371703E-02
4.00000000E+00,2.26794183E+00,1.13875044E-01
4.00000000E+00,2.69377529E+00,5.61692485E-02
4.00000000E+00,2.00741200E+00,3.96838548E-02
4.00000000E+00,1.12172463E+00,4.16385320E-02
4.00000000E+00,5.12510910E-01,7.33833277E-02
4.00000000E+00,1.45386820E+00,7.56204593E-02
4.00000000E+00,1.29201739E+00,1.06310956E-01
4.00000000E+00,5.32118612E-01,6.41279110E-02
4.00000000E+00,1.89741304E+00,6.72815401E-02
4.00000000E+00,1.10492646E+00,2.73013331E-02
4.20000000E+00,1.34562940E+00,2.87757629E-02
4.20000000E+00,2.28400103E+00,1.18420463E-01
4.20000000E+00,2.69377529E+00,6.39672399E-02
4.20000000E+00,2.00741200E+00,4.46291669E-02
4.20000000E+00,1.12172463E+00,4.45587440E-02
4.20000000E+00,5.12510910E-01,7.67974769E-02
4.20000000E+00,1.45386820E+00,7.57126639E-02
4.20000000E+00,1.29201739E+00,1.12460976E-01
4.20000000E+00,6.61640997E-01,6.90700563E-02
4.20000000E+00,1.89741304E+00,7.67852310E-02
4.20000000E+00,1.10492646E+00,3.38245782E-02
4.40000000E+00,1.34562940E+00,3.93409145E-02
4.40000000E+00,2.28400103E+00,1.23964467E-01
4.40000000E+00,2.69377529E+00,6.74408720E-02
4.40000000E+00,2.00741200E+00,4.71026214E-02
4.40000000E+00,1.12172463E+00,4.54497886E-02
4.40000000E+00,5.12510910E-01,7.84204674E-02
4.40000000E+00,1.45386820E+00,7.86361418E-02
4.40000000E+00,1.29201739E+00,1.16345267E-01
4.40000000E+00,6.61640997E-01,6.66593019E-02
4.40000000E+00,1.89741304E+00,8.51333650E-02
4.40000000E+00,1.10492646E+00,3.78207217E-02
4.60000000E+00,1.34562940E+00,3.32478573E-02
4.60000000E+00,2.28400103E+00,1.25095880E-01
4.60000000E+00,2.69377529E+00,7.36126295E-02
4.60000000E+00,2.00741200E+00,5.71529265E-02
4.60000000E+00,1.12172463E+00,5.33793040E-02
4.60000000E+00,5.12510910E-01,8.98558921E-02
4.60000000E+00,1.45386820E+00,8.52334231E-02
4.60000000E+00,1.29201739E+00,1.16733186E-01
4.60000000E+00,6.61640997E-01,7.28322042E-02
4.60000000E+00,2.11456157E+00,8.76951047E-02
4.60000000E+00,1.10492646E+00,4.09533659E-02
4.80000000E+00,1.34562940E+00,3.62204387E-02
4.80000000E+00,2.28400103E+00,1.30624862E-01
4.80000000E+00,2.69377529E+00,7.71892810E-02
4.80000000E+00,2.00741200E+00,5.60918481E-02
4.80000000E+00,1.12172463E+00,5.78288820E-02
4.80000000E+00,5.12510910E-01,7.73866292E-02
4.80000000E+00,1.45386820E+00,8.84504331E-02
4.80000000E+00,1.68290748E+00,1.28925578E-01
4.80000000E+00,6.61640997E-01,7.58415270E-02
4.80000000E+00,2.11456157E+00,1.01729191E-01
4.80000000E+00,1.10492646E+00,4.25005598E-02
5.00000000E+00,1.36964622E+00,4.26308324E-02
5.00000000E+00,2.28400103E+00,1.34209647E-01
5.00000000E+00,2.92520395E+00,8.20037997E-02
5.00000000E+00,2.00741200E+00,5.72998328E-02
5.00000000E+00,1.12172463E+00,6.41065779E-02
5.00000000E+00,5.12510910E-01,8.38943926E-02
5.00000000E+00,1.45386820E+00,9.66608719E-02
5.00000000E+00,1.68290748E+00,1.25995481E-01
5.00000000E+00,6.61640997E-01,7.85067389E-02
5.00000000E+00,2.11456157E+00,1.10457090E-01
5.00000000E+00,1.10492646E+00,5.00463412E-02
5.20000000E+00,1.36880652E+00,4.43987103E-02
5.20000000E+00,2.28400103E+00,1.34880114E-01
5.20000000E+00,2.92520395E+00,8.73849247E-02
5.20000000E+00,2.01829852E+00,6.58148077E-02
5.20000000E+00,1.12172463E+00,6.25924100E-02
5.20000000E+00,5.12510910E-01,8.60647757E-02
5.20000000E+00,1.45386820E+00,1.00093590E-01
5.20000000E+00,1.68290748E+00,1.32992682E-01
5.20000000E+00,6.61640997E-01,7.82331641E-02
5.20000000E+00,2.11456157E+00,1.08943770E-01
5.20000000E+00,1.10492646E+00,4.94227635E-02
5.40000000E+00,1.36880652E+00,5.03164489E-02
5.40000000E+00,2.28042444E+00,1.37760435E-01
5.40000000E+00,2.92520395E+00,9.04840897E-02
5.40000000E+00,2.01829852E+00,6.91681030E-02
5.40000000E+00,1.12172463E+00,6.72986193E-02
5.40000000E+00,5.12510910E-01,8.98841082E-02
5.40000000E+00,1.46226308E+00,1.02476529E-01
5.40000000E+00,1.68290748E+00,1.40064409E-01
5.40000000E+00,8.67274789E-01,8.55504660E-02
5.40000000E+00,2.31185764E+00,1.22906112E-01
5.40000000E+00,1.10492646E+00,5.25379191E-02
5.60000000E+00,1.36880652E+00,5.15240907E-02
5.60000000E+00,2.28042444E+00,1.48393822E-01
5.60000000E+00,2.92520395E+00,9.79043435E-02
5.60000000E+00,2.01829852E+00,7.10882637E-02
5.60000000E+00,1.12172463E+00,6.91102363E-02
5.60000000E+00,5.12510910E-01,1.03133264E-01
5.60000000E+00,1.46226308E+00,1.08366626E-01
5.60000000E+00,1.68290748E+00,1.42638436E-01
5.60000000E+00,8.67274789E-01,8.68563736E-02
5.60000000E+00,2.31185764E+00,1.31566093E-01
5.60000000E+00,1.10492646E+00,6.09865491E-02
5.80000000E+00,1.36880652E+00,5.25456400E-02
5.80000000E+00,2.29909836E+00,1.43203236E-01
5.80000000E+00,2.92520395E+00,9.86119882E-02
5.80000000E+00,2.01829852E+00,7.42323773E-02
5.80000000E+00,1.12172463E+00,7.42346113E-02
5.80000000E+00,5.12510910E-01,1.00124298E-01
5.80000000E+00,1.46226308E+00,1.14267721E-01
5.80000000E+00,1.68290748E+00,1.46072383E-01
5.80000000E+00,8.67274789E-01,8.95664122E-02
5.80000000E+00,2.31185764E+00,1.41397894E-01
5.80000000E+00,1.10492646E+00,6.23861830E-02
6.00000000E+00,1.36880652E+00,5.24947095E-02
6.00000000E+00,2.29909836E+00,1.54981477E-01
6.00000000E+00,2.92520395E+00,1.06831868E-01
6.00000000E+00,2.01829852E+00,7.29996421E-02
6.00000000E+00,1.19027474E+00,7.65581881E-02
6.00000000E+00,5.12510910E-01,9.93161891E-02
6.00000000E+00,1.46226308E+00,1.16692955E-01
6.00000000E+00,1.68290748E+00,1.52196288E-01
6.00000000E+00,8.67274789E-01,9.01379528E-02
6.00000000E+00,2.31185764E+00,1.57502034E-01
6.00000000E+00,1.44177237E+00,6.50668564E-02
6.20000000E+00,1.36880652E+00,5.77836516E-02
6.20000000E+00,2.29909836E+00,1.55917601E-01
6.20000000E+00,3.01016078E+00,1.09247508E-01
6.20000000E+00,2.01829852E+00,8.11369720E-02
6.20000000E+00,1.19027474E+00,8.66436668E-02
6.20000000E+00,5.12510910E-01,1.00624288E-01
6.20000000E+00,1.46226308E+00,1.22016291E-01
6.20000000E+00,1.68290748E+00,1.56860876E-01
6.20000000E+00,8.67274789E-01,9.89272849E-02
6.20000000E+00,2.31185764E+00,1.64551123E-01
6.20000000E+00,1.44177237E+00,6.35688491E-02
6.40000000E+00,1.36880652E+00,6.85182453E-02
6.40000000E+00,2.29909836E+00,1.57554237E-01
6.40000000E+00,3.01016078E+00,1.13123815E-01
6.40000000E+00,2.01829852E+00,8.09780897E-02
6.40000000E+00,1.19027474E+00,8.90844863E-02
6.40000000E+00,5.12510910E-01,1.02954939E-01
6.40000000E+00,1.46226308E+00,1.27661919E-01
6.40000000E+00,1.68290748E+00,1.63040198E-01
6.40000000E+00,8.67274789E-01,9.79977898E-02
6.40000000E+00,2.31185764E+00,1.68761062E-01
6.40000000E+00,1.44177237E+00,7.38193506E-02
6.60000000E+00,1.36880652E+00,7.20970961E-02
6.60000000E+00,2.29909836E+00,1.56293948E-01
6.60000000E+00,3.01016078E+00,1.15507568E-01
6.60000000E+00,2.01829852E+00,8.73501492E-02
6.60000000E+00,1.19027474E+00,8.94544522E-02
6.60000000E+00,5.12510910E-01,1.14335060E-01
6.60000000E+00,1.46226308E+00,1.29600753E-01
6.60000000E+00,1.68290748E+00,1.63963179E-01
6.60000000E+00,8.66220834E-01,1.03358537E-01
6.60000000E+00,2.31185764E+00,1.76251138E-01
6.60000000E+00,1.44177237E+00,7.74323846E-02
6.80000000E+00,1.36880652E+00,6.76210840E-02
6.80000000E+00,2.29909836E+00,1.60217130E-01
6.80000000E+00,3.01016078E+00,1.17843899E-01
6.80000000E+00,2.16625148E+00,8.68152187E-02
6.80000000E+00,1.19027474E+00,9.33903335E-02
6.80000000E+00,5.12510910E-01,1.10552972E-01
6.80000000E+00,1.46226308E+00,1.35452784E-01
6.80000000E+00,1.68290748E+00,1.63314735E-01
6.80000000E+00,8.66220834E-01,1.04379664E-01
6.80000000E+00,2.39245146E+00,1.90073818E-01
6.80000000E+00,1.44177237E+00,8.42851804E-02
7.00000000E+00,1.36880652E+00,7.31166866E-02
7.00000000E+00,2.34375006E+00,1.68551320E-01
7.00000000E+00,3.01016078E+00,1.25238398E-01
7.00000000E+00,2.18793465E+00,9.13964589E-02
7.00000000E+00,1.19027474E+00,1.01998120E-01
7.00000000E+00,5.12510910E-01,1.15155584E-01
7.00000000E+00,1.48207787E+00,1.44543819E-01
7.00000000E+00,1.96705889E+00,1.71348936E-01
7.00000000E+00,8.66220834E-01,1.09327083E-01
7.00000000E+00,2.39245146E+00,1.88662853E-01
7.00000000E+00,1.44177237E+00,8.56859074E-02
7.20000000E+00,1.36880652E+00,8.43214085E-02
7.20000000E+00,2.34375006E+00,1.61712240E-01
7.20000000E+00,3.01016078E+00,1.25776797E-01
7.20000000E+00,2.18793465E+00,9.36128274E-02
7.20000000E+00,1.19027474E+00,1.00176515E-01
7.20000000E+00,5.12510910E-01,1.21096768E-01
7.20000000E+00,1.48207787E+00,1.39431963E-01
7.20000000E+00,1.96705889E+00,1.70197917E-01
7.20000000E+00,8.66220834E-01,1.12519008E-01
7.20000000E+00,2.39245146E+00,1.95890823E-01
7.20000000E+00,1.44177237E+00,8.44114262E-02
7.40000000E+00,1.36880652E+00,8.48287551E-02
7.40000000E+00,2.34375006E+00,1.61388075E-01
7.40000000E+00,3.01016078E+00,1.28920522E-01
7.40000000E+00,2.18793465E+00,9.14731056E-02
7.40000000E+00,1.19027474E+00,1.07358283E-01
7.40000000E+00,5.12510910E-01,1.17968166E-01
7.40000000E+00,1.48207787E+00,1.49119367E-01
7.40000000E+00,1.96705889E+00,1.73875827E-01
7.40000000E+00,8.66220834E-01,1.12925745E-01
7.40000000E+00,2.39245146E+00,2.07088630E-01
7.40000000E+00,1.44177237E+00,9.32677589E-02
7.60000000E+00,1.44017577E+00,8.68728333E-02
7.60000000E+00,2.34375006E+00,1.72903822E-01
7.60000000E+00,3.01016078E+00,1.32943999E-01
7.60000000E+00,2.18793465E+00,1.00051953E-01
7.60000000E+00,1.19027474E+00,1.10526007E-01
7.60000000E+00,5.39389517E-01,1.13955835E-01
7.60000000E+00,1.48207787E+00,1.51125028E-01
7.60000000E+00,1.96705889E+00,1.79008594E-01
7.60000000E+00,8.69304656E-01,1.11789915E-01
7.60000000E+00,2.39245146E+00,2.09855079E-01
7.60000000E+00,1.44177237E+00,9.46007176E-02
7.80000000E+00,1.44017577E+00,8.67523630E-02
7.80000000E+00,2.34375006E+00,1.68245341E-01
7.80000000E+00,3.01016078E+00,1.40714601E-01
7.80000000E+00,2.18793465E+00,1.07820420E-01
7.80000000E+00,1.19027474E+00,1.13540013E-01
7.80000000E+00,5.39389517E-01,1.25894635E-01
7.80000000E+00,1.48207787E+00,1.54312431E-01
7.80000000E+00,1.96705889E+00,1.85764380E-01
7.80000000E+00,8.69304656E-01,1.16474307E-01
7.80000000E+00,2.39245146E+00,2.18604023E-01
7.80000000E+00,1.44177237E+00,1.01366070E-01
8.00000000E+00,1.43821839E+00,8.66671522E-02
8.00000000E+00,2.34375006E+00,1.80136644E-01
8.00000000E+00,3.01016078E+00,1.40324190E-01
8.00000000E+00,2.20380199E+00,1.07846768E-01
8.00000000E+00,1.19027474E+00,1.15577431E-01
8.00000000E+00,5.39389517E-01,1.26015400E-01
8.00000000E+00,1.48207787E+00,1.57416089E-01
8.00000000E+00,1.96705889E+00,1.88538419E-01
8.00000000E+00,8.69304656E-01,1.15633147E-01
8.00000000E+00,2.39245146E+00,2.38338411E-01
8.00000000E+00,1.44177237E+00,1.05289527E-01
8.20000000E+00,1.43821839E+00,8.53253280E-02
8.20000000E+00,2.34375006E+00,1.74496972E-01
8.20000000E+00,3.01016078E+00,1.45819781E-01
8.20000000E+00,2.20380199E+00,1.07412436E-01
8.20000000E+00,1.19027474E+00,1.18786408E-01
8.20000000E+00,5.39389517E-01,1.29818932E-01
8.20000000E+00,1.48207787E+00,1.67133100E-01
8.20000000E+00,1.96705889E+00,1.94889087E-01
8.20000000E+00,8.69304656E-01,1.20709772E-01
8.20000000E+00,2.39245146E+00,2.39245255E-01
8.20000000E+00,1.52817221E+00,1.09654570E-01
8.40000000E+00,1.43821839E+00,9.78091903E-02
8.40000000E+00,2.34375006E+00,1.79364975E-01
8.40000000E+00,3.01016078E+00,1.47436612E-01
8.40000000E+00,2.20380199E+00,1.10451160E-01
8.40000000E+00,1.19027474E+00,1.21261097E-01
8.40000000E+00,5.39389517E-01,1.31488197E-01
8.40000000E+00,1.48207787E+00,1.66936848E-01
8.40000000E+00,1.96705889E+00,1.91051296E-01
8.40000000E+00,8.69304656E-01,1.21869993E-01
8.40000000E+00,2.39245146E+00,2.51397735E-01
8.40000000E+00,1.52817221E+00,1.12121009E-01
8.60000000E+00,1.43821839E+00,9.92538551E-02
8.60000000E+00,2.34375006E+00,1.91913304E-01
8.60000000E+00,3.01016078E+00,1.51823928E-01
8.60000000E+00,2.20380199E+00,1.08851958E-01
8.60000000E+00,1.19027474E+00,1.31292297E-01
8.60000000E+00,5.39389517E-01,1.30410341E-01
8.60000000E+00,1.48207787E+00,1.74955265E-01
8.60000000E+00,1.96705889E+00,1.96157947E-01
8.60000000E+00,8.69304656E-01,1.31385122E-01
8.60000000E+00,2.39245146E+00,2.68239404E-01
8.60000000E+00,1.52817221E+00,1.12607957E-01
8.80000000E+00,1.43821839E+00,1.00273446E-01
8.80000000E+00,2.34375006E+00,1.83652643E-01
8.80000000E+00,3.01016078E+00,1.53430130E-01
8.80000000E+00,2.20380199E+00,1.13504256E-01
8.80000000E+00,1.19027474E+00,1.29925768E-01
8.80000000E+00,5.39389517E-01,1.30897916E-01
8.80000000E+00,1.48207787E+00,1.75403599E-01
8.80000000E+00,1.96705889E+00,1.96553510E-01
8.80000000E+00,8.69304656E-01,1.32162998E-01
8.80000000E+00,2.39245146E+00,2.67628145E-01
8.80000000E+00,1.52817221E+00,1.21493801E-01
9.00000000E+00,1.43821839E+00,1.11670136E-01
9.00000000E+00,2.34375006E+00,1.88641614E-01
9.00000000E+00,3.01016078E+00,1.57732414E-01
9.00000000E+00,2.20380199E+00,1.12669924E-01
9.00000000E+00,1.19027474E+00,1.28753775E-01
9.00000000E+00,5.39389517E-01,1.37503871E-01
9.00000000E+00,1.48207787E+00,1.75351152E-01
9.00000000E+00,1.96705889E+00,2.02602888E-01
9.00000000E+00,8.69304656E-01,1.35521705E-01
9.00000000E+00,2.39245146E+00,2.85484753E-01
9.00000000E+00,1.52817221E+00,1.23948216E-01
9.20000000E+00,1.43821839E+00,1.10867980E-01
9.20000000E+00,2.36852088E+00,1.79975353E-01
9.20000000E+00,3.01016078E+00,1.61050699E-01
9.20000000E+00,2.20380199E+00,1.16831204E-01
9.20000000E+00,1.19027474E+00,1.35187794E-01
9.20000000E+00,5.39389517E-01,1.40383043E-01
9.20000000E+00,1.48207787E+00,1.77735783E-01
9.20000000E+00,1.96705889E+00,2.11257505E-01
9.20000000E+00,8.69304656E-01,1.34458389E-01
9.20000000E+00,2.39245146E+00,2.82979452E-01
9.20000000E+00,1.52817221E+00,1.24935775E-01
9.40000000E+00,1.43824418E+00,1.10502651E-01
9.40000000E+00,2.36852088E+00,1.88453441E-01
9.40000000E+00,3.01016078E+00,1.62741524E-01
9.40000000E+00,2.20380199E+00,1.22967734E-01
9.40000000E+00,1.19027474E+00,1.40169307E-01
9.40000000E+00,5.39389517E-01,1.43117748E-01
9.40000000E+00,1.48207787E+00,1.78686590E-01
9.40000000E+00,1.96705889E+00,2.07503795E-01
9.40000000E+00,8.73309551E-01,1.42640583E-01
9.40000000E+00,2.45986213E+00,2.99332305E-01
9.40000000E+00,1.52817221E+00,1.31794036E-01
9.60000000E+00,1.43824418E+00,1.20086410E-01
9.60000000E+00,2.36852088E+00,1.96512487E-01
9.60000000E+00,3.01016078E+00,1.61249788E-01
9.60000000E+00,2.20380199E+00,1.22232404E-01
9.60000000E+00,1.19027474E+00,1.40174084E-01
9.60000000E+00,5.39389517E-01,1.38357126E-01
9.60000000E+00,1.48207787E+00,1.84766172E-01
9.60000000E+00,1.96705889E+00,2.12126980E-01
9.60000000E+00,8.73309551E-01,1.49588064E-01
9.60000000E+00,2.45986213E+00,2.99027154E-01
9.60000000E+00,1.52817221E+00,1.35758481E-01
9.80000000E+00,1.43824418E+00,1.19041355E-01
9.80000000E+00,2.36852088E+00,1.98464590E-01
9.80000000E+00,3.01016078E+00,1.76287749E-01
9.80000000E+00,2.20380199E+00,1.23464341E-01
9.80000000E+00,1.19027474E+00,1.47628983E-01
9.80000000E+00,5.39389517E-01,1.42537625E-01
9.80000000E+00,1.48207787E+00,1.93528147E-01
9.80000000E+00,1.96705889E+00,2.16385177E-01
9.80000000E+00,8.73309551E-01,1.42385466E-01
9.80000000E+00,2.45986213E+00,3.17624160E-01
9.80000000E+00,1.52817221E+00,1.37846729E-01
1.00000000E+01,1.43824418E+00,1.19036457E-01
1.00000000E+01,2.36852088E+00,1.97923789E-01
1.00000000E+01,3.01016078E+00,1.75081769E-01
1.00000000E+01,2.20380199E+00,1.26941389E-01
1.00000000E+01,1.19027474E+00,1.47004123E-01
1.00000000E+01,5.39389517E-01,1.39685541E-01
1.00000000E+01,1.48207787E+00,1.88973747E-01
1.00000000E+01,1.96705889E+00,2.24860166E-01
1.00000000E+01,8.73309551E-01,1.46549736E-01
1.00000000E+01,2.45986213E+00,3.24881785E-01
1.00000000E+01,1.54564156E+00,1.43136482E-01
1.02000000E+01,1.43824418E+00,1.22594740E-01
1.02000000E+01,2.36852088E+00,2.02351402E-01
1.02000000E+01,3.01009903E+00,1.79508330E-01
1.02000000E+01,2.20380199E+00,1.30641192E-01
1.02000000E+01,1.19027474E+00,1.54170258E-01
1.02000000E+01,5.39389517E-01,1.47536391E-01
1.02000000E+01,1.48207787E+00,1.94590614E-01
1.02000000E+01,1.96705889E+00,2.20803892E-01
1.02000000E+01,8.73309551E-01,1.56702328E-01
1.02000000E+01,2.45986213E+00,3.34985256E-01
1.02000000E+01,1.54564156E+00,1.45238938E-01
1.04000000E+01,1.43824418E+00,1.26414532E-01
1.04000000E+01,2.36852088E+00,1.99919377E-01
1.04000000E+01,3.01009903E+00,1.79492795E-01
1.04000000E+01,2.20380199E+00,1.32890295E-01
1.04000000E+01,1.19027474E+00,1.54744747E-01
1.04000000E+01,5.39389517E-01,1.51712375E-01
1.04000000E+01,1.48207787E+00,1.95224204E-01
1.04000000E+01,1.96705889E+00,2.26015644E-01
1.04000000E+01,8.73309551E-01,1.57993732E-01
1.04000000E+01,2.45986213E+00,3.36266126E-01
1.04000000E+01,1.54564156E+00,1.46816737E-01
1.06000000E+01,1.43824418E+00,1.38494867E-01
1.06000000E+01,2.42268803E+00,1.98398176E-01
1.06000000E+01,3.01009903E+00,1.79112196E-01
1.06000000E+01,2.20380199E+00,1.38510258E-01
1.06000000E+01,1.19027474E+00,1.56669265E-01
1.06000000E+01,5.39389517E-01,1.58620807E-01
1.06000000E+01,1.48207787E+00,1.97279774E-01
1.06000000E+01,1.96705889E+00,2.28009384E-01
1.06000000E+01,8.73309551E-01,1.62184371E-01
1.06000000E+01,2.45986213E+00,3.48631925E-01
1.06000000E+01,1.54564156E+00,1.50882835E-01
1.08000000E+01,1.43824418E+00,1.36383208E-01
1.08000000E+01,2.42268803E+00,2.01064231E-01
1.08000000E+01,3.01009903E+00,1.82960295E-01
1.08000000E+01,2.20380199E+00,1.33722231E-01
1.08000000E+01,1.19027474E+00,1.62427619E-01
1.08000000E+01,5.39389517E-01,1.59347654E-01
1.08000000E+01,1.48207787E+00,2.04485268E-01
1.08000000E+01,1.96705889E+00,2.31955462E-01
1.08000000E+01,8.73309551E-01,1.59596947E-01
1.08000000E+01,2.45986213E+00,3.64210899E-01
1.08000000E+01,1.54564156E+00,1.54353228E-01
1.10000000E+01,1.43641196E+00,1.33841578E-01
1.10000000E+01,2.42268803E+00,2.00757461E-01
1.10000000E+01,3.02679025E+00,1.84531749E-01
1.10000000E+01,2.20380199E+00,1.35721434E-01
1.10000000E+01,1.37898680E+00,1.60703282E-01
1.10000000E+01,5.39389517E-01,1.72715318E-01
1.10000000E+01,1.54367902E+00,2.05046954E-01
1.10000000E+01,1.96705889E+00,2.36267801E-01
1.10000000E+01,8.73309551E-01,1.69756131E-01
1.10000000E+01,2.45986213E+00,3.59233777E-01
1.10000000E+01,1.54564156E+00,1.66096818E-01
1.12000000E+01,1.43641196E+00,1.35997311E-01
1.12000000E+01,2.42268803E+00,2.07656631E-01
1.12000000E+01,3.02679025E+00,1.87853714E-01
1.12000000E+01,2.20380199E+00,1.39117843E-01
1.12000000E+01,1.37898680E+00,1.60455336E-01
1.12000000E+01,5.39389517E-01,1.60540631E-01
1.12000000E+01,1.54367902E+00,2.01560098E-01
1.12000000E+01,1.96705889E+00,2.33567652E-01
1.12000000E+01,8.73309551E-01,1.71944070E-01
1.12000000E+01,2.45986213E+00,3.70446889E-01
1.12000000E+01,1.54564156E+00,1.69029436E-01
